A,C,D,E,F,G,H,I,K,L,M,N,P,Q,R,S,T,V,W,Y,Label
0,18.18,3.03,6.06,6.06,21.21,0,3.03,6.06,6.06,0,3.03,0,0,0,6.06,12.12,0,3.03,6.06,-1
13.33,6.67,0,6.67,6.67,6.67,6.67,0,6.67,6.67,0,6.67,6.67,0,6.67,6.67,0,6.67,0,6.67,1
1.96,15.69,3.92,5.88,3.92,5.88,1.96,3.92,7.84,7.84,0,5.88,1.96,3.92,3.92,5.88,9.8,3.92,0,5.88,1
7.55,15.09,1.89,5.66,7.55,7.55,7.55,0,3.77,0,1.89,1.89,1.89,3.77,11.32,11.32,7.55,3.77,0,0,1
7.41,4.94,2.47,3.7,3.7,8.64,4.94,2.47,22.22,4.94,1.23,1.23,2.47,3.7,4.94,2.47,6.17,6.17,0,6.17,1
12.82,0,2.56,2.56,2.56,10.26,7.69,10.26,17.95,0,0,7.69,0,0,5.13,5.13,2.56,10.26,0,2.56,1
5.71,0,5.71,2.86,2.86,2.86,0,10,18.57,12.86,1.43,1.43,5.71,5.71,5.71,5.71,7.14,2.86,0,2.86,1
1.61,8.06,4.84,1.61,4.84,3.23,0,14.52,8.06,9.68,1.61,3.23,4.84,1.61,6.45,4.84,8.06,4.84,0,8.06,-1
7.69,23.08,0,0,7.69,0,7.69,7.69,7.69,0,0,7.69,7.69,0,0,7.69,0,7.69,0,7.69,1
13.95,13.95,2.33,2.33,4.65,11.63,4.65,4.65,4.65,6.98,0,6.98,0,2.33,4.65,6.98,2.33,6.98,0,0,-1
4.76,12.7,0,6.35,3.17,6.35,1.59,0,11.11,12.7,0,7.94,9.52,3.17,3.17,7.94,1.59,4.76,0,3.17,1
8.51,0,12.77,6.38,0,17.02,2.13,0,14.89,14.89,0,0,0,0,0,8.51,0,14.89,0,0,-1
0,0,25,25,0,0,0,0,25,25,0,0,0,0,0,0,0,0,0,0,1
8.96,0,1.49,1.49,2.99,4.48,5.97,1.49,26.87,5.97,4.48,4.48,0,0,8.96,5.97,5.97,5.97,1.49,2.99,1
0,0,0,0,0,0,0,0,12.5,0,0,0,25,0,25,0,0,0,37.5,0,-1
2.3,0,8.05,6.9,6.9,3.45,0,5.75,14.94,10.34,3.45,6.9,0,3.45,2.3,9.2,8.05,3.45,0,4.6,-1
1.28,0,2.56,0,0,43.59,19.23,1.28,1.28,5.13,0,0,2.56,16.67,0,0,5.13,0,0,1.28,1
8.24,0,2.35,5.88,1.18,3.53,4.71,7.06,4.71,12.94,0,4.71,5.88,9.41,3.53,11.76,9.41,3.53,0,1.18,-1
0,0,0,0,0,0,0,11.11,22.22,0,0,0,0,0,33.33,0,0,0,22.22,11.11,-1
3.92,15.69,0,3.92,3.92,7.84,3.92,3.92,3.92,3.92,0,11.76,3.92,3.92,9.8,7.84,1.96,1.96,1.96,5.88,-1
10.94,1.56,1.56,0,3.12,9.38,6.25,4.69,21.88,9.38,1.56,1.56,4.69,0,9.38,1.56,6.25,4.69,0,1.56,1
5,2,2,5,2,5,5,6,8,11,2,3,5,4,16,10,4,2,2,1,1
8,16,2,6,4,8,6,0,10,2,0,8,0,2,6,8,6,0,6,2,-1
13.75,10,0,5,7.5,5,2.5,3.75,6.25,6.25,2.5,6.25,5,2.5,2.5,6.25,3.75,7.5,1.25,2.5,-1
0,0,7.41,7.41,11.11,7.41,14.81,0,7.41,3.7,0,7.41,3.7,0,7.41,7.41,0,0,0,14.81,1
0,0,0,0,0,0,0,0,50,50,0,0,0,0,0,0,0,0,0,0,-1
3.23,12.9,4.84,9.68,4.84,9.68,1.61,4.84,11.29,0,3.23,4.84,8.06,1.61,0,6.45,3.23,0,3.23,6.45,1
4.65,0,4.65,8.14,2.33,3.49,2.33,6.98,15.12,3.49,2.33,3.49,1.16,3.49,8.14,4.65,6.98,13.95,0,4.65,1
4.55,27.27,0,0,0,0,0,9.09,0,4.55,0,4.55,13.64,22.73,13.64,0,0,0,0,0,1
10.99,0,8.79,4.4,2.2,4.4,0,9.89,7.69,7.69,1.1,4.4,5.49,1.1,10.99,1.1,4.4,10.99,0,4.4,-1
3.51,14.04,1.75,3.51,1.75,10.53,1.75,10.53,7.02,1.75,3.51,8.77,3.51,0,3.51,12.28,5.26,3.51,0,3.51,1
6.82,13.64,0,4.55,2.27,13.64,2.27,2.27,6.82,2.27,0,13.64,0,0,4.55,6.82,4.55,6.82,4.55,4.55,1
5.88,5.88,5.88,5.88,0,7.35,2.94,11.76,13.24,7.35,1.47,2.94,4.41,4.41,4.41,4.41,5.88,5.88,0,0,-1
2.99,0,4.48,8.96,1.49,7.46,0,4.48,5.97,8.96,2.99,2.99,2.99,1.49,14.93,5.97,8.96,14.93,0,0,1
7.04,4.23,7.04,8.45,5.63,7.04,0,2.82,11.27,16.9,4.23,4.23,0,2.82,2.82,4.23,7.04,4.23,0,0,-1
3.49,6.98,1.16,5.81,4.65,8.14,2.33,2.33,11.63,11.63,2.33,4.65,2.33,1.16,6.98,8.14,8.14,4.65,2.33,1.16,-1
5.88,15.69,0,1.96,3.92,7.84,3.92,3.92,7.84,3.92,1.96,9.8,5.88,3.92,5.88,5.88,1.96,3.92,1.96,3.92,1
0,14.63,0,0,2.44,9.76,0,9.76,2.44,7.32,0,7.32,9.76,2.44,14.63,7.32,4.88,4.88,2.44,0,-1
14.29,1.1,8.79,7.69,0,13.19,2.2,0,10.99,9.89,0,2.2,6.59,3.3,3.3,7.69,0,7.69,0,1.1,-1
9.76,14.63,4.88,0,4.88,14.63,4.88,2.44,9.76,7.32,0,2.44,0,0,4.88,7.32,2.44,4.88,0,4.88,-1
26.32,0,0,0,5.26,5.26,0,0,21.05,31.58,0,0,0,5.26,0,5.26,0,0,0,0,-1
3.03,3.03,2.02,3.03,5.05,3.03,2.02,9.09,11.11,9.09,2.02,6.06,3.03,2.02,15.15,9.09,2.02,4.04,1.01,5.05,1
0,11.11,0,0,11.11,11.11,11.11,0,0,0,0,11.11,0,0,11.11,11.11,0,11.11,0,11.11,1
3.7,14.81,0,5.56,3.7,1.85,3.7,3.7,14.81,5.56,0,3.7,7.41,5.56,3.7,7.41,5.56,7.41,0,1.85,1
15.46,0,3.09,3.09,6.19,6.19,2.06,4.12,6.19,11.34,0,1.03,4.12,1.03,16.49,4.12,5.15,6.19,2.06,2.06,-1
3.92,11.76,3.92,7.84,1.96,1.96,1.96,3.92,15.69,7.84,3.92,7.84,5.88,1.96,1.96,1.96,3.92,5.88,1.96,3.92,-1
4.84,0,0,19.35,0,3.23,1.61,19.35,12.9,11.29,0,3.23,0,12.9,3.23,1.61,1.61,3.23,1.61,0,-1
10.59,0,7.06,5.88,4.71,3.53,2.35,9.41,7.06,5.88,2.35,5.88,4.71,8.24,3.53,3.53,2.35,5.88,1.18,5.88,-1
9.52,0,14.29,4.76,0,19.05,2.38,0,16.67,11.9,0,0,0,0,0,4.76,0,16.67,0,0,-1
0,0,0,7.14,0,0,7.14,14.29,7.14,28.57,0,7.14,0,7.14,14.29,7.14,0,0,0,0,1
0,15.69,5.88,5.88,1.96,5.88,0,3.92,11.76,3.92,0,1.96,17.65,1.96,13.73,0,0,3.92,1.96,3.92,-1
5.63,4.23,5.63,11.27,8.45,2.82,0,5.63,7.04,14.08,2.82,5.63,4.23,2.82,7.04,2.82,4.23,5.63,0,0,-1
4.55,0,3.03,12.12,1.52,3.03,0,7.58,12.12,18.18,4.55,4.55,0,4.55,13.64,3.03,6.06,0,0,1.52,1
2.27,2.27,9.09,15.91,6.82,4.55,0,2.27,11.36,15.91,2.27,4.55,0,2.27,4.55,4.55,6.82,4.55,0,0,-1
16.67,0,8.33,0,0,0,0,8.33,0,8.33,0,0,0,0,33.33,0,0,25,0,0,-1
14.04,10.53,5.26,7.02,1.75,8.77,1.75,1.75,3.51,5.26,0,5.26,1.75,1.75,10.53,3.51,5.26,7.02,0,5.26,-1
4.26,17.02,2.13,6.38,10.64,10.64,4.26,0,2.13,0,0,4.26,4.26,4.26,6.38,8.51,12.77,2.13,0,0,1
11.46,0,8.33,6.25,2.08,5.21,1.04,6.25,6.25,13.54,1.04,5.21,2.08,3.12,10.42,8.33,4.17,4.17,0,1.04,-1
11.9,0,3.57,1.19,1.19,22.62,1.19,3.57,0,10.71,1.19,8.33,5.95,3.57,0,11.9,4.76,4.76,2.38,1.19,-1
4.62,6.15,1.54,4.62,4.62,4.62,1.54,7.69,15.38,3.08,1.54,7.69,3.08,1.54,9.23,7.69,7.69,6.15,0,1.54,1
0,0,3.33,13.33,3.33,13.33,26.67,0,6.67,0,0,0,0,3.33,16.67,6.67,0,0,0,6.67,1
15.38,15.38,2.56,0,0,5.13,5.13,5.13,2.56,5.13,0,7.69,0,0,10.26,5.13,5.13,5.13,5.13,5.13,-1
8.33,16.67,0,0,16.67,0,8.33,8.33,8.33,0,0,0,16.67,0,0,0,0,8.33,0,8.33,1
1.47,17.65,4.41,1.47,2.94,14.71,1.47,2.94,2.94,1.47,2.94,10.29,4.41,4.41,1.47,7.35,4.41,7.35,2.94,2.94,1
6.35,12.7,4.76,3.17,0,4.76,1.59,3.17,14.29,6.35,0,7.94,3.17,0,4.76,4.76,7.94,4.76,1.59,7.94,1
1.49,8.96,7.46,7.46,10.45,4.48,1.49,5.97,5.97,1.49,2.99,4.48,2.99,0,10.45,2.99,4.48,7.46,1.49,7.46,1
6.9,13.79,8.62,3.45,0,6.9,0,13.79,5.17,3.45,0,3.45,6.9,1.72,3.45,8.62,5.17,5.17,0,3.45,1
0,8.33,0,0,0,0,0,16.67,0,0,0,0,0,0,50,0,0,16.67,8.33,0,-1
1.92,15.38,5.77,3.85,3.85,5.77,0,1.92,13.46,5.77,3.85,5.77,3.85,3.85,3.85,3.85,9.62,1.92,1.92,3.85,1
9.76,0,2.44,4.88,0,2.44,2.44,7.32,4.88,19.51,0,4.88,0,21.95,7.32,0,2.44,4.88,2.44,2.44,-1
9.38,0,0,3.12,0,31.25,0,12.5,15.62,9.38,0,0,0,6.25,0,3.12,3.12,3.12,0,3.12,1
4.88,0,7.32,12.2,7.32,4.88,2.44,9.76,4.88,12.2,4.88,4.88,7.32,0,7.32,7.32,2.44,0,0,0,-1
4.41,2.94,2.94,13.24,0,4.41,0,5.88,14.71,10.29,2.94,5.88,1.47,1.47,1.47,2.94,10.29,4.41,0,10.29,-1
0,13.33,0,6.67,0,13.33,6.67,0,6.67,13.33,0,6.67,0,6.67,0,13.33,6.67,0,0,6.67,1
0,0,6.35,4.76,3.17,6.35,4.76,11.11,11.11,9.52,4.76,6.35,3.17,3.17,3.17,9.52,4.76,3.17,0,4.76,-1
8.33,16.67,0,8.33,0,8.33,8.33,8.33,8.33,8.33,0,0,0,0,16.67,8.33,0,0,0,0,1
7.32,14.63,9.76,2.44,7.32,12.2,2.44,2.44,7.32,0,0,7.32,4.88,0,4.88,2.44,2.44,2.44,0,9.76,-1
0,0,9.09,9.09,9.09,6.06,6.06,9.09,9.09,12.12,6.06,6.06,3.03,3.03,6.06,0,3.03,0,0,3.03,-1
5.88,15.69,0,3.92,3.92,7.84,3.92,3.92,5.88,3.92,0,9.8,5.88,3.92,7.84,7.84,1.96,1.96,1.96,3.92,-1
13.33,0,20,0,6.67,13.33,0,13.33,0,6.67,0,6.67,6.67,0,6.67,0,0,6.67,0,0,1
16.67,0,0,0,0,0,8.33,16.67,0,8.33,0,0,0,0,25,0,0,25,0,0,-1
4.55,6.82,12.5,9.09,1.14,5.68,4.55,2.27,14.77,13.64,1.14,5.68,4.55,0,0,1.14,2.27,7.95,2.27,0,-1
9.33,8,4,8,1.33,9.33,1.33,5.33,1.33,10.67,0,2.67,0,6.67,9.33,12,6.67,1.33,0,2.67,-1
3.49,1.16,2.33,8.14,4.65,3.49,3.49,6.98,18.6,5.81,1.16,3.49,2.33,2.33,4.65,5.81,4.65,15.12,0,2.33,1
10.59,4.71,1.18,3.53,1.18,10.59,1.18,3.53,7.06,4.71,2.35,0,2.35,3.53,12.94,7.06,9.41,8.24,2.35,3.53,1
9.09,0,0,2.27,0,4.55,2.27,6.82,2.27,20.45,0,4.55,0,22.73,6.82,2.27,6.82,6.82,2.27,0,-1
16.67,0,0,0,0,0,0,16.67,0,8.33,0,0,0,0,33.33,0,0,25,0,0,-1
4.26,2.13,4.26,8.51,0,2.13,0,8.51,14.89,12.77,2.13,8.51,0,6.38,0,6.38,8.51,6.38,0,4.26,-1
7.87,6.74,4.49,7.87,2.25,6.74,4.49,0,5.62,8.99,1.12,3.37,6.74,5.62,8.99,4.49,4.49,5.62,0,4.49,-1
4.08,0,4.08,0,6.12,4.08,2.04,4.08,24.49,8.16,2.04,6.12,2.04,0,4.08,16.33,2.04,6.12,2.04,2.04,1
6,16,2,4,4,10,8,0,14,2,0,12,0,2,2,6,4,2,4,2,-1
10,0,0,0,0,0,0,20,0,10,0,0,0,0,30,0,0,30,0,0,-1
0,8,4,8,10,2,2,4,2,18,0,0,4,4,0,14,4,6,2,8,1
6.25,12.5,3.12,3.12,3.12,9.38,0,9.38,7.81,1.56,1.56,12.5,4.69,3.12,0,12.5,6.25,1.56,0,1.56,1
5,6.67,6.67,5,8.33,5,0,5,10,10,5,3.33,1.67,0,1.67,5,10,3.33,1.67,6.67,-1
3.03,18.18,12.12,3.03,6.06,3.03,3.03,0,6.06,12.12,6.06,3.03,9.09,0,3.03,9.09,0,3.03,0,0,-1
6.38,8.51,4.26,0,8.51,2.13,2.13,8.51,4.26,10.64,2.13,4.26,6.38,4.26,14.89,0,0,6.38,0,6.38,-1
6.67,0,4.44,4.44,2.22,7.78,5.56,6.67,14.44,7.78,3.33,1.11,6.67,1.11,6.67,6.67,4.44,6.67,1.11,2.22,1
13.21,0,3.77,1.89,1.89,9.43,0,13.21,15.09,7.55,1.89,3.77,0,7.55,0,1.89,0,9.43,7.55,1.89,-1
15.56,0,0,2.22,4.44,6.67,2.22,2.22,6.67,4.44,4.44,6.67,2.22,2.22,28.89,4.44,6.67,0,0,0,1
2.94,11.76,8.82,5.88,5.88,2.94,0,5.88,5.88,5.88,2.94,5.88,2.94,8.82,5.88,5.88,5.88,0,2.94,2.94,-1
17.14,0,5.71,8.57,0,0,0,8.57,11.43,5.71,0,2.86,0,8.57,5.71,11.43,2.86,11.43,0,0,-1
2.99,8.96,2.99,4.48,8.96,1.49,1.49,13.43,4.48,8.96,5.97,5.97,5.97,2.99,0,8.96,2.99,5.97,0,2.99,-1
3.77,15.09,7.55,3.77,1.89,5.66,1.89,5.66,9.43,3.77,0,5.66,7.55,1.89,0,9.43,3.77,3.77,0,9.43,1
15,12,3,3,1,5,0,0,4,10,3,2,9,2,10,7,4,8,1,1,-1
3.26,5.43,6.52,2.17,1.09,4.35,1.09,10.87,10.87,4.35,0,2.17,2.17,1.09,9.78,14.13,7.61,9.78,0,3.26,-1
4.76,0,0,4.76,2.38,9.52,0,2.38,19.05,7.14,4.76,4.76,0,2.38,19.05,7.14,9.52,2.38,0,0,1
4.08,16.33,4.08,6.12,6.12,4.08,6.12,0,6.12,0,0,6.12,2.04,8.16,10.2,8.16,6.12,4.08,0,2.04,1
10.53,15.79,0,0,10.53,5.26,10.53,5.26,5.26,0,0,5.26,5.26,0,5.26,5.26,0,5.26,0,10.53,1
3.12,0,0,0,12.5,12.5,0,9.38,6.25,6.25,0,0,3.12,6.25,25,3.12,6.25,6.25,0,0,-1
0,15.69,5.88,5.88,3.92,5.88,1.96,3.92,11.76,1.96,0,1.96,17.65,5.88,7.84,1.96,0,3.92,1.96,1.96,-1
6,16,2,4,4,8,8,0,12,2,0,8,0,2,4,8,8,2,4,2,-1
7.69,7.69,0,7.69,7.69,7.69,7.69,0,7.69,7.69,0,7.69,0,0,7.69,7.69,0,7.69,0,7.69,1
1.54,12.31,7.69,3.08,3.08,9.23,0,3.08,13.85,3.08,3.08,3.08,9.23,3.08,6.15,3.08,4.62,4.62,3.08,3.08,1
9.09,1.3,5.19,2.6,2.6,7.79,1.3,6.49,12.99,7.79,1.3,2.6,2.6,2.6,12.99,2.6,6.49,6.49,0,5.19,1
11.36,0,0,4.55,2.27,2.27,0,6.82,13.64,6.82,4.55,4.55,9.09,4.55,4.55,0,6.82,2.27,4.55,11.36,-1
0,8.33,0,0,0,0,0,16.67,8.33,0,0,0,0,0,16.67,0,0,8.33,41.67,0,-1
3.37,0,7.87,3.37,5.62,5.62,0,10.11,10.11,10.11,4.49,11.24,3.37,2.25,4.49,6.74,2.25,3.37,2.25,3.37,-1
11.76,0,0,0,0,0,0,11.76,23.53,5.88,0,0,0,0,17.65,0,0,5.88,11.76,11.76,-1
8.06,6.45,4.84,0,9.68,3.23,0,4.84,8.06,14.52,3.23,3.23,4.84,1.61,1.61,1.61,4.84,14.52,0,4.84,-1
13.11,0,0,4.92,4.92,13.11,0,4.92,16.39,16.39,3.28,3.28,1.64,1.64,1.64,1.64,3.28,9.84,0,0,-1
7.89,10.53,1.32,3.95,9.21,6.58,5.26,1.32,2.63,5.26,2.63,1.32,2.63,2.63,9.21,10.53,7.89,9.21,0,0,1
3.57,7.14,5.95,4.76,2.38,5.95,1.19,10.71,13.1,8.33,4.76,1.19,2.38,2.38,7.14,8.33,3.57,7.14,0,0,-1
8.33,11.11,4.17,6.94,4.17,9.72,1.39,2.78,2.78,9.72,5.56,1.39,1.39,2.78,11.11,4.17,2.78,5.56,2.78,1.39,1
2.82,8.45,5.63,5.63,5.63,4.23,0,11.27,5.63,5.63,1.41,2.82,4.23,2.82,12.68,12.68,4.23,0,0,4.23,1
2.02,4.04,4.04,1.01,4.04,4.04,1.01,7.07,13.13,13.13,1.01,7.07,1.01,5.05,12.12,9.09,2.02,4.04,1.01,4.04,1
13.21,0,3.77,0,1.89,9.43,0,9.43,15.09,11.32,1.89,3.77,0,7.55,0,3.77,0,9.43,7.55,1.89,-1
3.16,3.16,3.16,17.89,2.11,10.53,2.11,3.16,4.21,11.58,1.05,4.21,5.26,2.11,5.26,4.21,4.21,9.47,2.11,1.05,1
2.99,11.94,4.48,5.97,1.49,13.43,1.49,10.45,7.46,1.49,1.49,2.99,11.94,1.49,4.48,0,4.48,5.97,1.49,4.48,1
11.32,1.89,0,5.66,13.21,1.89,0,7.55,5.66,9.43,3.77,0,1.89,0,0,7.55,9.43,7.55,1.89,11.32,-1
4.76,6.35,4.76,3.17,4.76,9.52,0,9.52,9.52,7.94,1.59,4.76,1.59,6.35,3.17,3.17,4.76,11.11,0,3.17,1
9.26,11.11,7.41,9.26,1.85,5.56,1.85,3.7,5.56,12.96,0,3.7,5.56,1.85,3.7,9.26,5.56,1.85,0,0,-1
6.82,2.27,0,13.64,2.27,18.18,6.82,6.82,2.27,9.09,2.27,4.55,2.27,6.82,2.27,2.27,2.27,2.27,2.27,4.55,-1
5,0,0,10,0,10,0,5,0,0,5,5,10,5,5,10,0,10,10,10,1
9.23,1.54,1.54,3.08,3.08,16.92,3.08,9.23,10.77,7.69,4.62,1.54,3.08,1.54,1.54,6.15,3.08,10.77,0,1.54,1
10,3.33,0,3.33,6.67,13.33,0,0,0,3.33,0,6.67,6.67,6.67,6.67,3.33,6.67,20,3.33,0,1
0,8.11,0,2.7,0,2.7,5.41,8.11,16.22,0,8.11,5.41,5.41,5.41,18.92,2.7,0,10.81,0,0,1
0,13.33,0,0,0,13.33,0,0,6.67,6.67,0,0,6.67,13.33,6.67,13.33,6.67,6.67,6.67,0,1
4.26,17.02,0,4.26,8.51,10.64,6.38,0,4.26,0,0,4.26,0,6.38,14.89,6.38,8.51,4.26,0,0,1
0,0,0,0,11.11,0,0,11.11,11.11,0,0,0,11.11,0,44.44,0,0,0,11.11,0,-1
2.99,0,0,14.93,1.49,1.49,0,7.46,17.91,8.96,1.49,1.49,4.48,8.96,13.43,1.49,2.99,7.46,0,2.99,1
1.08,2.15,5.38,12.9,1.08,4.3,2.15,7.53,17.2,6.45,5.38,0,3.23,1.08,11.83,7.53,2.15,4.3,0,4.3,-1
1.67,13.33,5,10,5,8.33,3.33,3.33,10,5,1.67,3.33,5,3.33,1.67,3.33,5,3.33,0,8.33,1
11.67,0,10,21.67,5,1.67,1.67,1.67,8.33,8.33,3.33,1.67,3.33,8.33,5,3.33,1.67,1.67,0,1.67,-1
21.82,10.91,3.64,0,9.09,10.91,1.82,0,1.82,9.09,0,3.64,7.27,3.64,3.64,7.27,3.64,1.82,0,0,-1
2,0,3,2,5,3,2,10,10,10,4,5,6,5,17,9,3,1,0,3,1
12,12,6,12,4,2,2,2,6,0,2,10,2,4,6,2,6,6,0,4,-1
3.92,11.76,7.84,5.88,1.96,3.92,1.96,3.92,9.8,3.92,0,0,3.92,3.92,7.84,7.84,9.8,7.84,0,3.92,1
2.33,1.16,11.63,6.98,2.33,4.65,1.16,9.3,8.14,9.3,3.49,6.98,0,3.49,3.49,4.65,3.49,9.3,2.33,5.81,-1
6.25,18.75,0,0,12.5,6.25,6.25,6.25,6.25,0,0,6.25,6.25,0,0,6.25,0,6.25,0,12.5,1
0,0,0,0,6.25,0,0,12.5,25,6.25,0,6.25,0,12.5,18.75,0,0,0,12.5,0,-1
11.11,11.11,0,0,11.11,0,11.11,0,11.11,0,0,11.11,11.11,0,0,0,0,11.11,0,11.11,1
4.26,17.02,2.13,2.13,4.26,14.89,0,4.26,8.51,0,2.13,6.38,4.26,8.51,12.77,4.26,0,2.13,2.13,0,1
4.23,11.27,1.41,1.41,8.45,7.04,1.41,4.23,5.63,15.49,1.41,1.41,5.63,1.41,8.45,4.23,7.04,4.23,0,5.63,-1
3.16,0,10.53,10.53,2.11,5.26,0,10.53,6.32,12.63,1.05,6.32,1.05,2.11,6.32,4.21,2.11,4.21,1.05,10.53,-1
1.75,14.04,7.02,15.79,0,5.26,15.79,0,1.75,1.75,0,3.51,3.51,1.75,5.26,1.75,3.51,7.02,0,10.53,1
4.35,1.09,5.43,11.96,4.35,3.26,1.09,4.35,6.52,9.78,1.09,3.26,5.43,0,7.61,5.43,4.35,9.78,2.17,8.7,-1
13.33,3.33,3.33,3.33,3.33,13.33,0,3.33,0,3.33,0,10,6.67,3.33,10,3.33,6.67,6.67,3.33,3.33,1
14.44,1.11,8.89,7.78,0,13.33,2.22,0,11.11,8.89,0,2.22,6.67,3.33,3.33,7.78,0,7.78,0,1.11,-1
3.53,0,1.18,7.06,2.35,7.06,2.35,7.06,12.94,9.41,0,2.35,4.71,2.35,5.88,9.41,7.06,12.94,0,2.35,1
5.13,2.56,0,3.85,6.41,5.13,3.85,10.26,15.38,3.85,2.56,3.85,7.69,1.28,6.41,8.97,5.13,6.41,1.28,0,1
7.89,5.26,5.26,0,6.58,1.32,2.63,5.26,2.63,10.53,7.89,6.58,7.89,5.26,6.58,1.32,5.26,6.58,0,5.26,-1
12.5,12.5,0,0,6.25,6.25,12.5,0,12.5,0,0,6.25,6.25,0,6.25,6.25,0,6.25,0,6.25,1
7.37,0,7.37,9.47,3.16,4.21,0,6.32,13.68,3.16,4.21,3.16,2.11,0,9.47,5.26,7.37,10.53,0,3.16,1
0,17.02,6.38,4.26,4.26,8.51,4.26,2.13,6.38,6.38,0,12.77,4.26,0,10.64,4.26,6.38,0,2.13,0,1
15.25,8.47,0,1.69,3.39,3.39,6.78,5.08,11.86,0,1.69,6.78,3.39,1.69,8.47,8.47,3.39,8.47,0,1.69,1
3.12,0,6.25,6.25,3.12,7.81,1.56,3.12,6.25,6.25,4.69,1.56,1.56,4.69,15.62,6.25,6.25,15.62,0,0,1
5.56,9.72,1.39,1.39,1.39,1.39,2.78,5.56,13.89,6.94,1.39,4.17,9.72,2.78,15.28,2.78,6.94,4.17,1.39,1.39,1
3.66,9.76,0,0,4.88,14.63,1.22,2.44,2.44,7.32,1.22,1.22,12.2,3.66,9.76,8.54,1.22,10.98,0,4.88,-1
16.67,0,0,0,0,0,8.33,16.67,0,8.33,0,0,0,0,33.33,0,0,16.67,0,0,-1
10.87,0,0,0,4.35,6.52,2.17,0,10.87,6.52,4.35,4.35,2.17,4.35,23.91,6.52,6.52,6.52,0,0,1
4.55,13.64,4.55,4.55,2.27,15.91,2.27,2.27,6.82,2.27,0,9.09,0,0,6.82,4.55,4.55,6.82,4.55,4.55,1
6.82,13.64,2.27,2.27,2.27,13.64,2.27,2.27,6.82,2.27,0,11.36,0,2.27,4.55,6.82,4.55,6.82,4.55,4.55,1
13.33,13.33,0,0,6.67,6.67,13.33,0,6.67,0,0,6.67,6.67,0,6.67,6.67,0,6.67,0,6.67,1
6.67,0,20,0,6.67,13.33,0,13.33,0,6.67,0,6.67,6.67,0,6.67,6.67,0,6.67,0,0,1
3.77,15.09,3.77,3.77,3.77,9.43,5.66,0,16.98,1.89,0,9.43,1.89,3.77,3.77,1.89,5.66,1.89,5.66,1.89,-1
0,0,0,7.14,7.14,7.14,28.57,0,14.29,0,0,0,0,0,21.43,7.14,0,0,0,7.14,1
9.76,1.22,8.54,4.88,3.66,7.32,2.44,6.1,6.1,6.1,2.44,4.88,1.22,8.54,7.32,4.88,4.88,6.1,1.22,2.44,1
3.17,4.76,9.52,12.7,7.94,1.59,0,6.35,9.52,17.46,3.17,1.59,3.17,1.59,6.35,3.17,4.76,3.17,0,0,-1
5.8,1.45,5.8,7.25,2.9,1.45,0,5.8,23.19,11.59,0,2.9,4.35,1.45,7.25,4.35,4.35,7.25,0,2.9,1
2.86,5.71,7.14,2.86,5.71,8.57,4.29,5.71,11.43,2.86,2.86,5.71,4.29,1.43,7.14,7.14,5.71,7.14,0,1.43,1
3.45,10.34,6.9,3.45,3.45,5.17,8.62,13.79,1.72,6.9,1.72,3.45,6.9,1.72,0,5.17,5.17,8.62,0,3.45,-1
6,16,0,2,2,8,4,4,8,4,0,10,6,6,6,6,2,4,2,4,1
6.76,4.05,5.41,10.81,5.41,6.76,0,6.76,10.81,10.81,5.41,2.7,0,0,4.05,8.11,6.76,5.41,0,0,-1
8.2,1.64,3.28,8.2,6.56,11.48,6.56,6.56,4.92,11.48,4.92,3.28,1.64,4.92,3.28,1.64,3.28,6.56,0,1.64,-1
8.33,0,25,0,0,0,8.33,0,8.33,8.33,0,0,0,0,0,8.33,0,33.33,0,0,-1
5.66,15.09,3.77,3.77,3.77,11.32,5.66,0,16.98,1.89,0,9.43,0,1.89,3.77,1.89,5.66,1.89,5.66,1.89,-1
1.56,9.38,3.12,3.12,4.69,1.56,3.12,15.62,7.81,12.5,3.12,4.69,3.12,1.56,6.25,6.25,1.56,6.25,0,4.69,-1
7.89,18.42,2.63,5.26,2.63,13.16,0,2.63,2.63,10.53,5.26,2.63,0,2.63,5.26,5.26,0,2.63,0,10.53,1
1.75,14.04,3.51,1.75,3.51,15.79,3.51,3.51,5.26,1.75,0,3.51,3.51,1.75,7.02,3.51,12.28,3.51,0,10.53,1
2.78,9.72,6.94,2.78,8.33,8.33,1.39,6.94,5.56,5.56,2.78,1.39,5.56,1.39,5.56,5.56,6.94,11.11,0,1.39,-1
4.92,1.64,3.28,14.75,11.48,4.92,0,3.28,8.2,18.03,1.64,4.92,3.28,1.64,8.2,3.28,3.28,3.28,0,0,-1
3.12,7.81,3.12,6.25,1.56,1.56,3.12,10.94,18.75,4.69,0,9.38,1.56,3.12,9.38,3.12,7.81,1.56,0,3.12,1
6.67,0,6.67,6.67,6.67,0,0,6.67,13.33,26.67,0,0,0,6.67,6.67,0,0,6.67,0,6.67,-1
1.92,1.92,1.92,7.69,3.85,1.92,1.92,9.62,11.54,7.69,1.92,5.77,3.85,3.85,7.69,7.69,7.69,3.85,1.92,5.77,-1
0,12,4,4,4,6,2,6,14,4,0,4,4,6,8,4,6,8,0,4,-1
0,0,0,0,0,0,0,16.67,8.33,0,0,0,0,8.33,25,0,0,8.33,33.33,0,-1
1.56,1.56,3.12,0,1.56,4.69,1.56,6.25,15.62,9.38,1.56,9.38,1.56,4.69,10.94,6.25,12.5,4.69,1.56,1.56,1
4.65,9.3,9.3,2.33,6.98,0,6.98,9.3,11.63,6.98,2.33,2.33,2.33,2.33,6.98,2.33,4.65,4.65,0,4.65,-1
2.15,0,2.15,5.38,5.38,9.68,4.3,7.53,8.6,9.68,3.23,4.3,4.3,2.15,7.53,4.3,6.45,7.53,1.08,4.3,1
0,17.65,0,5.88,11.76,11.76,11.76,5.88,0,0,0,0,5.88,0,17.65,0,11.76,0,0,0,1
0,8.33,0,0,0,16.67,0,0,8.33,8.33,0,0,8.33,8.33,8.33,16.67,8.33,0,8.33,0,1
10,10,1.11,5.56,4.44,3.33,3.33,6.67,5.56,5.56,6.67,5.56,4.44,3.33,4.44,7.78,3.33,6.67,1.11,1.11,-1
3.61,4.82,7.23,8.43,4.82,2.41,2.41,7.23,7.23,9.64,3.61,0,3.61,4.82,3.61,1.2,7.23,9.64,1.2,7.23,-1
6.98,13.95,4.65,0,6.98,11.63,0,0,6.98,6.98,0,2.33,0,6.98,6.98,9.3,9.3,4.65,0,2.33,-1
5.48,0,4.11,10.96,5.48,2.74,1.37,6.85,10.96,6.85,2.74,8.22,0,6.85,4.11,4.11,9.59,6.85,0,2.74,-1
0,0,0,0,16.28,2.33,0,6.98,0,0,0,2.33,46.51,0,23.26,0,0,2.33,0,0,-1
11.76,0,1.96,3.92,0,3.92,1.96,7.84,3.92,17.65,0,3.92,0,21.57,7.84,1.96,1.96,5.88,1.96,1.96,-1
6.76,5.41,5.41,5.41,0,5.41,4.05,6.76,14.86,14.86,0,4.05,4.05,1.35,4.05,5.41,6.76,4.05,0,1.35,-1
7.58,12.12,1.52,4.55,9.09,7.58,6.06,1.52,3.03,6.06,1.52,1.52,3.03,3.03,9.09,9.09,7.58,6.06,0,0,1
2.78,16.67,0,0,0,19.44,2.78,2.78,8.33,0,0,11.11,5.56,8.33,5.56,5.56,0,2.78,2.78,5.56,1
4.26,0,2.13,3.19,3.19,5.32,8.51,12.77,11.7,7.45,4.26,8.51,4.26,0,6.38,6.38,5.32,4.26,1.06,1.06,1
5,2.5,5,7.5,2.5,5,2.5,6.25,3.75,6.25,0,2.5,5,3.75,11.25,7.5,6.25,8.75,5,3.75,-1
12.9,8.6,2.15,0,1.08,9.68,0,4.3,7.53,8.6,0,8.6,7.53,2.15,1.08,8.6,10.75,4.3,0,2.15,-1
8.33,10.71,2.38,7.14,7.14,4.76,1.19,2.38,4.76,3.57,3.57,3.57,3.57,5.95,4.76,7.14,4.76,11.9,1.19,1.19,-1
6.82,0,0,0,2.27,6.82,2.27,0,15.91,4.55,4.55,4.55,2.27,2.27,27.27,6.82,4.55,6.82,0,2.27,1
2.38,0,9.52,4.76,2.38,2.38,2.38,7.14,9.52,11.9,11.9,14.29,2.38,2.38,0,4.76,2.38,4.76,0,4.76,-1
8.33,0,0,0,16.67,8.33,16.67,0,25,0,0,0,0,0,16.67,0,0,0,0,8.33,1
4.35,0,0,2.17,2.17,8.7,0,2.17,10.87,4.35,4.35,0,2.17,0,28.26,6.52,15.22,8.7,0,0,1
10.87,0,7.61,2.17,1.09,9.78,0,5.43,9.78,9.78,4.35,1.09,1.09,4.35,7.61,7.61,0,11.96,0,5.43,-1
16.67,8.33,0,0,0,0,0,16.67,0,8.33,0,0,0,0,33.33,0,0,16.67,0,0,-1
3.51,10.53,7.02,1.75,10.53,1.75,1.75,8.77,7.02,8.77,7.02,3.51,5.26,0,1.75,8.77,1.75,8.77,0,1.75,-1
0,18.18,0,9.09,9.09,0,0,0,0,9.09,0,18.18,0,0,0,9.09,9.09,9.09,9.09,0,1
16.67,33.33,0,0,0,0,16.67,16.67,16.67,0,0,0,0,0,0,0,0,0,0,0,1
5.68,1.14,4.55,5.68,4.55,4.55,0,5.68,12.5,10.23,1.14,4.55,4.55,6.82,10.23,1.14,3.41,9.09,0,4.55,1
12.7,0,1.59,1.59,3.17,14.29,4.76,7.94,9.52,7.94,4.76,1.59,3.17,1.59,3.17,3.17,4.76,12.7,0,1.59,1
4.55,0,3.41,5.68,4.55,3.41,2.27,10.23,18.18,11.36,2.27,9.09,1.14,2.27,6.82,4.55,5.68,2.27,0,2.27,1
6,16,2,4,4,10,8,0,12,2,0,10,0,2,4,4,8,2,4,2,-1
3.7,7.41,1.85,3.7,5.56,11.11,0,0,11.11,5.56,5.56,0,5.56,5.56,14.81,3.7,1.85,5.56,0,7.41,1
5.88,15.69,0,3.92,3.92,7.84,3.92,3.92,7.84,3.92,0,9.8,5.88,3.92,3.92,7.84,1.96,3.92,1.96,3.92,1
9.8,0,0,0,1.96,1.96,3.92,3.92,17.65,9.8,1.96,5.88,1.96,5.88,15.69,3.92,5.88,3.92,3.92,1.96,1
6,16,2,6,4,10,6,0,14,2,0,10,0,2,2,4,6,2,6,2,-1
0,0,0,0,0,8.33,0,25,8.33,33.33,0,0,0,0,0,16.67,8.33,0,0,0,1
7.61,0,3.26,4.35,3.26,4.35,6.52,8.7,10.87,7.61,3.26,6.52,4.35,1.09,8.7,5.43,4.35,7.61,1.09,1.09,1
5.56,14.81,9.26,0,5.56,9.26,0,3.7,5.56,0,1.85,9.26,5.56,3.7,7.41,11.11,5.56,0,0,1.85,1
4.21,2.11,8.42,11.58,5.26,3.16,3.16,7.37,7.37,11.58,0,3.16,3.16,5.26,5.26,11.58,0,1.05,1.05,5.26,-1
5.88,15.69,5.88,3.92,1.96,7.84,1.96,7.84,11.76,13.73,0,1.96,0,5.88,0,3.92,5.88,1.96,1.96,1.96,1
12.86,1.43,1.43,11.43,4.29,1.43,1.43,1.43,12.86,5.71,0,2.86,4.29,0,20,2.86,4.29,8.57,0,2.86,1
6.25,13.54,4.17,2.08,1.04,8.33,2.08,7.29,10.42,6.25,3.12,3.12,5.21,2.08,7.29,6.25,4.17,5.21,0,2.08,-1
3.33,0,5.56,7.78,1.11,2.22,4.44,6.67,13.33,12.22,3.33,3.33,2.22,5.56,10,2.22,4.44,7.78,1.11,3.33,1
8.62,10.34,3.45,3.45,6.9,0,1.72,6.9,10.34,8.62,3.45,8.62,1.72,1.72,5.17,3.45,5.17,6.9,1.72,1.72,-1
8.7,17.39,0,4.35,0,17.39,0,0,0,4.35,0,8.7,4.35,13.04,4.35,4.35,4.35,0,0,8.7,1
0,15.79,0,0,5.26,10.53,2.63,10.53,2.63,0,0,5.26,7.89,2.63,18.42,2.63,7.89,5.26,2.63,0,-1
5.13,5.13,5.13,3.85,2.56,6.41,2.56,2.56,20.51,5.13,2.56,1.28,2.56,2.56,8.97,3.85,6.41,6.41,0,6.41,1
11.76,0,0,0,5.88,11.76,5.88,0,11.76,17.65,0,0,5.88,0,17.65,0,0,11.76,0,0,1
6.25,4.17,4.17,2.08,2.08,16.67,0,6.25,8.33,2.08,0,6.25,0,2.08,8.33,4.17,4.17,10.42,4.17,8.33,-1
6.12,2.04,4.08,9.18,6.12,5.1,2.04,8.16,12.24,10.2,1.02,6.12,2.04,3.06,3.06,4.08,6.12,4.08,1.02,4.08,-1
2.13,17.02,2.13,2.13,6.38,6.38,2.13,4.26,14.89,6.38,2.13,0,6.38,6.38,4.26,8.51,6.38,0,0,2.13,1
3.9,15.58,5.19,3.9,1.3,1.3,2.6,7.79,7.79,3.9,1.3,9.09,3.9,5.19,6.49,6.49,5.19,3.9,0,5.19,1
16.67,0,0,0,0,0,0,16.67,0,8.33,0,0,0,0,33.33,0,0,16.67,0,8.33,-1
3.23,19.35,3.23,3.23,3.23,3.23,0,6.45,9.68,3.23,3.23,0,9.68,3.23,6.45,6.45,6.45,6.45,3.23,0,-1
10.71,0,3.57,0,0,10.71,0,7.14,17.86,14.29,0,7.14,3.57,3.57,0,3.57,0,14.29,3.57,0,-1
8.06,6.45,3.23,1.61,4.84,4.84,1.61,4.84,12.9,4.84,4.84,3.23,8.06,0,16.13,3.23,0,3.23,3.23,4.84,1
6,16,2,4,4,10,8,0,12,2,0,8,0,2,4,8,6,2,4,2,-1
1.75,10.53,5.26,1.75,7.02,0,3.51,7.02,10.53,3.51,3.51,3.51,7.02,0,3.51,7.02,1.75,19.3,0,3.51,-1
5.88,1.47,2.94,11.76,4.41,4.41,2.94,4.41,16.18,2.94,1.47,2.94,0,5.88,5.88,4.41,10.29,8.82,0,2.94,-1
6.12,1.02,3.06,9.18,5.1,8.16,2.04,3.06,17.35,5.1,3.06,7.14,1.02,4.08,9.18,5.1,4.08,3.06,2.04,1.02,-1
16.67,13.33,0,0,0,16.67,0,6.67,0,3.33,0,0,6.67,6.67,3.33,20,0,3.33,0,3.33,1
3.64,9.09,5.45,7.27,3.64,5.45,3.64,9.09,5.45,9.09,3.64,5.45,3.64,1.82,1.82,3.64,3.64,9.09,1.82,3.64,-1
8.82,13.24,4.41,8.82,5.88,2.94,1.47,2.94,5.88,7.35,4.41,7.35,2.94,4.41,4.41,1.47,4.41,5.88,0,2.94,-1
2.22,17.78,6.67,2.22,4.44,8.89,4.44,0,6.67,6.67,0,2.22,0,2.22,8.89,8.89,8.89,6.67,0,2.22,1
33.33,0,0,0,0,8.33,0,0,0,16.67,0,0,0,0,8.33,0,8.33,16.67,0,8.33,-1
6.49,7.79,6.49,5.19,0,10.39,1.3,10.39,9.09,16.88,0,0,2.6,0,0,3.9,6.49,10.39,0,2.6,-1
5.56,0,0,0,5.56,11.11,0,11.11,27.78,16.67,0,0,0,0,0,0,5.56,11.11,5.56,0,-1
7.27,10.91,7.27,0,5.45,5.45,0,0,10.91,1.82,0,9.09,3.64,3.64,7.27,5.45,12.73,3.64,0,5.45,1
3.06,0,10.2,4.08,5.1,17.35,1.02,6.12,12.24,11.22,2.04,1.02,2.04,4.08,6.12,6.12,2.04,3.06,1.02,2.04,-1
9.09,1.3,2.6,5.19,3.9,6.49,3.9,6.49,6.49,6.49,2.6,6.49,2.6,1.3,15.58,3.9,6.49,7.79,1.3,0,1
5.71,2.86,2.86,1.43,0,2.86,2.86,5.71,17.14,12.86,1.43,4.29,1.43,5.71,8.57,7.14,8.57,4.29,2.86,1.43,1
0,0,0,0,5.26,5.26,0,15.79,36.84,10.53,0,0,0,0,15.79,0,0,5.26,5.26,0,-1
0,0,27.27,0,0,0,9.09,0,9.09,18.18,0,0,0,0,0,9.09,0,27.27,0,0,-1
3.03,18.18,6.06,0,6.06,9.09,3.03,3.03,6.06,0,0,3.03,6.06,0,9.09,3.03,12.12,0,3.03,9.09,1
0,0,0,0,7.14,0,0,0,42.86,28.57,0,7.14,0,0,7.14,0,0,0,0,7.14,-1
2.3,0,0,5.75,0,6.9,0,5.75,17.24,5.75,1.15,4.6,2.3,1.15,5.75,6.9,10.34,12.64,1.15,10.34,1
6.9,0,3.45,13.79,1.72,5.17,10.34,6.9,6.9,8.62,1.72,1.72,0,12.07,3.45,3.45,1.72,1.72,8.62,1.72,-1
12.5,0,3.12,0,6.25,25,0,0,9.38,15.62,3.12,3.12,0,9.38,0,3.12,0,9.38,0,0,-1
12.5,6.25,0,6.25,6.25,6.25,12.5,0,12.5,0,0,6.25,6.25,0,6.25,6.25,0,6.25,0,6.25,1
6,16,6,4,0,8,2,8,4,0,2,6,8,2,4,8,4,4,0,8,1
6.78,0,8.47,5.08,5.08,6.78,0,11.86,1.69,15.25,1.69,1.69,3.39,5.08,6.78,5.08,6.78,5.08,0,3.39,-1
3.51,0,3.51,3.51,7.02,12.28,3.51,8.77,14.04,7.02,1.75,12.28,0,1.75,3.51,5.26,1.75,1.75,0,8.77,-1
1.82,12.73,1.82,0,3.64,9.09,5.45,7.27,3.64,9.09,3.64,5.45,9.09,3.64,7.27,7.27,3.64,0,1.82,3.64,-1
6.67,0,0,0,6.67,0,0,6.67,0,0,0,6.67,6.67,6.67,13.33,13.33,20,0,6.67,6.67,-1
5.1,0,5.1,6.12,5.1,2.04,4.08,6.12,12.24,7.14,6.12,6.12,5.1,5.1,4.08,5.1,4.08,8.16,0,3.06,1
2.41,2.41,4.82,8.43,2.41,4.82,3.61,8.43,12.05,6.02,1.2,2.41,2.41,1.2,8.43,4.82,7.23,14.46,1.2,1.2,1
5,6.67,1.67,6.67,1.67,10,1.67,3.33,21.67,3.33,5,1.67,5,3.33,5,0,5,3.33,1.67,8.33,1
4.4,0,5.49,12.09,5.49,1.1,1.1,6.59,7.69,6.59,3.3,5.49,1.1,3.3,4.4,5.49,9.89,5.49,2.2,8.79,-1
0,10,3.33,0,10,3.33,1.67,13.33,8.33,6.67,5,3.33,8.33,5,5,3.33,1.67,6.67,1.67,3.33,-1
2.7,8.11,0,2.7,0,5.41,2.7,16.22,10.81,2.7,2.7,2.7,5.41,5.41,21.62,5.41,0,5.41,0,0,1
12.7,0,0,3.17,7.94,17.46,3.17,11.11,11.11,7.94,4.76,4.76,1.59,1.59,3.17,0,4.76,3.17,0,1.59,1
1.33,8,1.33,9.33,4,6.67,4,6.67,13.33,6.67,0,4,2.67,4,4,5.33,5.33,8,0,5.33,-1
3.45,10.34,3.45,5.17,0,8.62,10.34,0,10.34,5.17,0,6.9,1.72,6.9,1.72,6.9,6.9,6.9,0,5.17,1
20,0,4.29,0,2.86,8.57,0,15.71,7.14,5.71,0,2.86,0,1.43,1.43,10,5.71,10,1.43,2.86,-1
15.49,1.41,1.41,11.27,4.23,1.41,1.41,0,14.08,4.23,1.41,1.41,4.23,2.82,16.9,2.82,1.41,11.27,0,2.82,1
2.99,8.96,2.99,1.49,5.97,8.96,1.49,4.48,7.46,4.48,4.48,5.97,10.45,1.49,2.99,5.97,4.48,5.97,1.49,7.46,-1
4.44,14.44,4.44,3.33,2.22,5.56,1.11,2.22,11.11,11.11,1.11,3.33,5.56,1.11,4.44,12.22,2.22,4.44,0,5.56,-1
1.28,7.69,2.56,5.13,7.69,2.56,1.28,10.26,6.41,7.69,5.13,3.85,7.69,3.85,2.56,6.41,7.69,7.69,0,2.56,-1
5.43,0,3.26,4.35,4.35,6.52,6.52,6.52,13.04,6.52,3.26,3.26,4.35,2.17,7.61,5.43,7.61,8.7,1.09,0,1
9.88,9.88,3.7,11.11,3.7,4.94,0,4.94,11.11,8.64,3.7,3.7,4.94,1.23,3.7,4.94,7.41,1.23,0,1.23,1
10.61,18.18,0,0,0,9.09,3.03,3.03,6.06,3.03,1.52,6.06,7.58,1.52,12.12,6.06,6.06,3.03,0,3.03,-1
6.82,13.64,2.27,4.55,2.27,13.64,2.27,2.27,6.82,2.27,0,9.09,0,0,6.82,6.82,4.55,6.82,4.55,4.55,1
10.31,0,3.09,3.09,7.22,8.25,0,8.25,8.25,12.37,2.06,2.06,1.03,2.06,2.06,3.09,5.15,15.46,1.03,5.15,-1
5.88,7.06,4.71,1.18,4.71,1.18,3.53,8.24,9.41,7.06,3.53,7.06,7.06,1.18,9.41,3.53,4.71,5.88,1.18,3.53,-1
6.38,0,0,0,4.26,8.51,2.13,2.13,6.38,4.26,4.26,4.26,2.13,2.13,31.91,8.51,8.51,4.26,0,0,1
6.9,0,6.9,1.72,1.72,5.17,6.9,0,12.07,3.45,1.72,1.72,3.45,0,13.79,6.9,13.79,6.9,0,6.9,1
6.67,17.78,0,0,2.22,6.67,0,0,11.11,11.11,0,6.67,4.44,2.22,11.11,11.11,4.44,2.22,0,2.22,1
0,0,0,0,16.67,33.33,0,0,0,16.67,0,0,16.67,0,0,0,0,0,0,16.67,-1
6,16,2,4,4,10,6,0,10,2,0,10,0,2,6,8,4,2,6,2,-1
0,8.11,5.41,0,0,5.41,5.41,8.11,16.22,0,5.41,2.7,5.41,5.41,16.22,2.7,0,13.51,0,0,1
2.5,10,5,2.5,10,2.5,5,5,12.5,2.5,2.5,0,10,2.5,5,2.5,5,10,0,5,-1
1.54,12.31,1.54,3.08,1.54,6.15,3.08,3.08,7.69,4.62,1.54,7.69,4.62,15.38,9.23,3.08,7.69,1.54,4.62,0,1
8.16,8.16,0,6.12,0,2.04,4.08,0,16.33,8.16,4.08,10.2,0,0,4.08,8.16,10.2,6.12,0,4.08,1
3.08,1.54,6.15,6.15,1.54,7.69,0,3.08,6.15,10.77,4.62,3.08,1.54,6.15,13.85,3.08,6.15,15.38,0,0,1
6.12,0,8.16,4.08,0,2.04,4.08,0,16.33,6.12,2.04,8.16,2.04,4.08,16.33,4.08,6.12,6.12,4.08,0,1
3.7,14.81,0,5.56,0,5.56,1.85,7.41,12.96,3.7,1.85,3.7,3.7,7.41,5.56,5.56,3.7,5.56,1.85,5.56,1
3.33,0,1.67,11.67,5,5,0,11.67,13.33,8.33,0,10,3.33,0,6.67,8.33,5,3.33,0,3.33,-1
4.94,6.17,6.17,2.47,8.64,0,3.7,6.17,9.88,12.35,1.23,7.41,2.47,2.47,3.7,6.17,3.7,6.17,1.23,4.94,-1
8.82,4.41,2.94,7.35,2.94,8.82,2.94,4.41,5.88,10.29,4.41,2.94,2.94,1.47,4.41,13.24,1.47,10.29,0,0,-1
10.2,1.02,3.06,4.08,3.06,5.1,0,5.1,18.37,4.08,1.02,1.02,5.1,4.08,10.2,12.24,3.06,8.16,0,1.02,1
8.54,6.1,0,1.22,1.22,7.32,4.88,3.66,7.32,2.44,1.22,4.88,2.44,2.44,20.73,4.88,8.54,4.88,2.44,4.88,1
10.53,0,0,2.63,0,18.42,7.89,13.16,18.42,2.63,0,2.63,2.63,0,2.63,2.63,2.63,10.53,0,2.63,1
3.39,10.17,5.08,3.39,5.08,3.39,0,8.47,10.17,5.08,3.39,6.78,5.08,3.39,0,6.78,1.69,11.86,0,6.78,-1
2.6,0,3.9,15.58,6.49,3.9,2.6,7.79,15.58,6.49,1.3,0,1.3,0,11.69,5.19,1.3,10.39,0,3.9,1
6.94,2.78,1.39,1.39,4.17,9.72,1.39,5.56,5.56,9.72,2.78,1.39,4.17,1.39,12.5,11.11,6.94,8.33,0,2.78,1
0,0,0,0,0,0,0,25,0,12.5,0,0,0,0,25,0,0,12.5,25,0,-1
8.7,4.35,1.09,5.43,3.26,11.96,1.09,6.52,16.3,2.17,2.17,0,5.43,0,9.78,3.26,5.43,8.7,1.09,3.26,1
0,15.69,5.88,5.88,1.96,5.88,0,5.88,11.76,1.96,0,1.96,17.65,5.88,9.8,0,0,3.92,1.96,3.92,-1
8.89,17.78,4.44,6.67,6.67,8.89,4.44,2.22,8.89,0,0,2.22,0,8.89,8.89,2.22,2.22,4.44,2.22,0,1
0,15,0,0,0,0,0,0,0,85,0,0,0,0,0,0,0,0,0,0,-1
2.99,0,4.48,8.96,1.49,8.96,0,4.48,5.97,8.96,2.99,1.49,2.99,1.49,14.93,2.99,11.94,14.93,0,0,1
4.55,13.64,2.27,2.27,2.27,13.64,2.27,2.27,6.82,4.55,0,11.36,0,2.27,4.55,6.82,4.55,6.82,4.55,4.55,1
5.88,10.59,0,9.41,4.71,4.71,2.35,1.18,3.53,3.53,5.88,5.88,7.06,3.53,4.71,9.41,2.35,11.76,1.18,2.35,-1
11.67,6.67,0,3.33,5,6.67,1.67,3.33,11.67,8.33,0,0,3.33,1.67,18.33,3.33,3.33,6.67,1.67,3.33,1
10,1,5,6,2,6,0,4,11,11,2,5,2,1,7,7,4,12,1,3,1
0,0,0,0,0,0,0,0,11.11,0,0,0,0,0,33.33,0,0,0,55.56,0,-1
16.67,0,0,8.33,0,0,0,16.67,0,8.33,0,0,0,0,25,0,0,25,0,0,-1
4.62,15.38,0,3.08,3.08,15.38,1.54,3.08,0,1.54,0,1.54,7.69,12.31,16.92,4.62,3.08,4.62,0,1.54,-1
0,14.29,10.71,1.79,5.36,5.36,1.79,3.57,7.14,3.57,1.79,3.57,3.57,1.79,3.57,10.71,8.93,5.36,5.36,1.79,1
9.09,1.52,1.52,1.52,4.55,10.61,3.03,6.06,12.12,9.09,3.03,3.03,3.03,3.03,3.03,6.06,3.03,12.12,0,4.55,1
0,19.05,0,0,4.76,4.76,9.52,0,0,0,0,14.29,0,0,19.05,0,0,19.05,4.76,4.76,-1
7.95,0,6.82,4.55,2.27,5.68,5.68,3.41,7.95,13.64,1.14,2.27,0,3.41,11.36,10.23,3.41,7.95,0,2.27,1
8.33,0,0,0,16.67,8.33,16.67,0,25,0,0,0,0,0,16.67,0,0,0,0,8.33,1
3.33,0,2.22,8.89,6.67,6.67,2.22,4.44,16.67,12.22,2.22,3.33,0,3.33,13.33,6.67,1.11,4.44,0,2.22,1
5.88,17.65,2.94,2.94,0,17.65,2.94,2.94,2.94,0,0,8.82,5.88,5.88,5.88,5.88,0,2.94,2.94,5.88,1
4.44,4.44,4.44,4.44,2.22,17.78,0,15.56,17.78,6.67,2.22,4.44,0,0,2.22,4.44,2.22,6.67,0,0,-1
2.15,0,2.15,3.23,3.23,8.6,4.3,8.6,8.6,6.45,6.45,3.23,5.38,2.15,9.68,7.53,7.53,5.38,1.08,4.3,1
6.58,9.21,1.32,5.26,6.58,7.89,1.32,10.53,6.58,3.95,1.32,3.95,3.95,2.63,5.26,6.58,6.58,6.58,0,3.95,1
5.17,10.34,6.9,3.45,10.34,1.72,1.72,12.07,5.17,5.17,5.17,3.45,6.9,0,5.17,1.72,5.17,8.62,0,1.72,-1
2.7,4.05,5.41,5.41,5.41,5.41,0,8.11,8.11,13.51,4.05,1.35,2.7,1.35,4.05,8.11,9.46,4.05,1.35,5.41,-1
14.29,0,10,1.43,2.86,5.71,2.86,1.43,4.29,12.86,1.43,2.86,1.43,1.43,18.57,1.43,1.43,15.71,0,0,-1
0,0,0,0,0,0,0,42.86,0,0,0,0,14.29,0,0,14.29,0,28.57,0,0,1
5.68,2.27,2.27,6.82,5.68,4.55,2.27,5.68,4.55,6.82,1.14,6.82,3.41,3.41,7.95,9.09,6.82,6.82,0,7.95,-1
4.08,0,3.06,9.18,3.06,9.18,2.04,7.14,19.39,6.12,3.06,2.04,4.08,3.06,5.1,1.02,3.06,8.16,1.02,6.12,1
8.79,13.19,3.3,1.1,1.1,9.89,3.3,2.2,5.49,7.69,3.3,3.3,6.59,2.2,6.59,5.49,5.49,7.69,0,3.3,-1
5.88,11.76,0,0,17.65,0,5.88,11.76,11.76,0,0,5.88,5.88,0,5.88,5.88,0,11.76,0,0,-1
17.58,8.79,1.1,0,0,9.89,1.1,7.69,6.59,6.59,0,5.49,7.69,2.2,2.2,10.99,5.49,3.3,0,3.3,1
13.73,0,1.96,3.92,0,3.92,1.96,7.84,3.92,15.69,0,3.92,0,21.57,7.84,1.96,1.96,5.88,1.96,1.96,-1
9.09,13.64,9.09,6.82,6.82,2.27,2.27,0,2.27,9.09,2.27,2.27,6.82,6.82,2.27,2.27,4.55,4.55,0,6.82,-1
7.02,12.28,7.02,3.51,8.77,1.75,0,12.28,10.53,3.51,3.51,5.26,3.51,0,3.51,5.26,0,8.77,0,3.51,-1
7.14,4.76,2.38,4.76,3.57,10.71,2.38,3.57,9.52,1.19,1.19,4.76,4.76,5.95,7.14,3.57,7.14,10.71,0,4.76,1
12.64,1.15,6.9,5.75,2.3,8.05,1.15,3.45,1.15,10.34,3.45,1.15,3.45,11.49,5.75,6.9,3.45,6.9,3.45,1.15,-1
2.9,1.45,5.8,7.25,1.45,7.25,0,4.35,4.35,8.7,2.9,1.45,2.9,5.8,15.94,7.25,8.7,11.59,0,0,1
12,0,4,12,0,8,0,8,0,4,0,4,0,8,4,4,8,12,4,8,1
11.63,13.95,2.33,2.33,6.98,9.3,9.3,2.33,4.65,6.98,0,4.65,2.33,0,4.65,4.65,6.98,4.65,2.33,0,-1
4.3,1.08,9.68,2.15,3.23,5.38,2.15,8.6,4.3,6.45,4.3,1.08,2.15,6.45,8.6,5.38,7.53,10.75,0,6.45,-1
4.08,16.33,4.08,4.08,4.08,6.12,0,6.12,10.2,4.08,0,8.16,4.08,4.08,4.08,2.04,6.12,8.16,0,4.08,1
12.2,0,3.66,4.88,4.88,7.32,1.22,6.1,4.88,6.1,1.22,4.88,3.66,4.88,13.41,7.32,1.22,9.76,1.22,1.22,1
1.41,4.23,7.04,11.27,7.04,5.63,0,5.63,11.27,15.49,2.82,2.82,1.41,1.41,7.04,5.63,4.23,5.63,0,0,-1
16.67,0,0,0,0,0,0,16.67,0,8.33,0,0,0,0,25,8.33,0,25,0,0,-1
12.77,6.38,5.32,6.38,5.32,6.38,0,4.26,1.06,11.7,1.06,3.19,1.06,6.38,11.7,9.57,5.32,1.06,0,1.06,-1
8,16,2,4,4,10,6,0,12,2,0,14,0,2,4,2,6,0,6,2,-1
24.14,0,6.9,10.34,0,0,0,10.34,10.34,6.9,0,0,0,6.9,6.9,6.9,3.45,6.9,0,0,-1
4,4,4,7,6,3,5,10,7,9,4,3,8,2,6,4,5,5,0,4,-1
2.04,6.12,2.04,10.2,0,2.04,2.04,4.08,12.24,8.16,2.04,10.2,4.08,0,14.29,2.04,10.2,4.08,0,4.08,1
15.91,2.27,2.27,0,0,15.91,0,2.27,0,6.82,2.27,4.55,9.09,2.27,6.82,2.27,9.09,11.36,4.55,2.27,1
6.52,0,4.35,2.17,4.35,7.61,5.43,3.26,13.04,6.52,3.26,2.17,4.35,4.35,7.61,8.7,5.43,9.78,1.09,0,1
6.9,0,1.72,5.17,0,5.17,6.9,8.62,8.62,8.62,3.45,1.72,3.45,3.45,8.62,5.17,8.62,12.07,0,1.72,1
0,0,12.5,25,25,0,0,0,0,0,0,0,12.5,0,12.5,0,0,0,0,12.5,1
5,1,11,9,6,3,2,7,10,5,3,2,5,1,3,7,6,10,0,4,-1
13.64,4.55,0,0,4.55,9.09,0,0,0,0,0,4.55,9.09,0,4.55,4.55,9.09,27.27,4.55,4.55,1
11.76,11.76,0,5.88,5.88,5.88,11.76,0,11.76,0,0,5.88,5.88,0,5.88,5.88,0,5.88,0,5.88,1
1.25,8.75,6.25,6.25,7.5,8.75,1.25,6.25,6.25,5,3.75,5,5,3.75,7.5,6.25,3.75,6.25,1.25,0,-1
11.11,11.11,0,5.56,5.56,5.56,11.11,5.56,11.11,0,0,5.56,5.56,0,5.56,5.56,0,5.56,0,5.56,1
12.16,1.35,4.05,2.7,2.7,2.7,1.35,1.35,14.86,12.16,1.35,2.7,4.05,5.41,8.11,4.05,6.76,9.46,0,2.7,1
0,0,8.33,0,0,0,0,16.67,0,0,0,0,0,0,50,0,0,16.67,8.33,0,-1
0,13.95,6.98,2.33,2.33,4.65,4.65,4.65,9.3,4.65,0,0,9.3,2.33,9.3,4.65,6.98,6.98,4.65,2.33,-1
3.45,13.79,5.17,1.72,0,8.62,3.45,8.62,1.72,5.17,3.45,5.17,6.9,0,12.07,6.9,5.17,5.17,1.72,1.72,1
12.7,0,1.59,1.59,3.17,15.87,3.17,9.52,12.7,9.52,4.76,1.59,3.17,3.17,1.59,1.59,3.17,9.52,0,1.59,1
4.05,8.11,5.41,1.35,5.41,5.41,2.7,8.11,8.11,6.76,2.7,5.41,2.7,4.05,6.76,8.11,5.41,6.76,0,2.7,1
3.92,0,1.96,1.96,3.92,7.84,0,1.96,19.61,5.88,5.88,1.96,1.96,1.96,21.57,5.88,5.88,3.92,0,3.92,1
3.41,10.23,5.68,7.95,2.27,12.5,3.41,3.41,10.23,3.41,0,3.41,10.23,3.41,2.27,6.82,2.27,6.82,1.14,1.14,-1
11.11,0,0,0,11.11,0,5.56,5.56,38.89,16.67,0,0,5.56,0,0,0,0,0,5.56,0,1
11.86,0,6.78,16.95,5.08,3.39,1.69,3.39,1.69,13.56,0,3.39,8.47,0,8.47,6.78,5.08,3.39,0,0,-1
1.67,0,5,6.67,1.67,6.67,5,5,8.33,8.33,3.33,3.33,1.67,6.67,8.33,5,8.33,13.33,0,1.67,1
5.97,14.93,5.97,2.99,2.99,5.97,1.49,1.49,7.46,0,1.49,10.45,7.46,1.49,7.46,7.46,5.97,2.99,1.49,4.48,-1
3.33,13.33,8.33,5,5,13.33,1.67,3.33,10,5,1.67,3.33,5,1.67,3.33,6.67,1.67,6.67,0,1.67,1
3.66,7.32,2.44,6.1,6.1,7.32,4.88,12.2,2.44,6.1,6.1,1.22,7.32,3.66,0,7.32,3.66,7.32,2.44,2.44,-1
5.88,15.69,0,1.96,3.92,7.84,3.92,3.92,7.84,3.92,0,9.8,3.92,5.88,7.84,5.88,1.96,3.92,1.96,3.92,1
4.26,8.51,6.38,10.64,10.64,2.13,0,8.51,6.38,10.64,0,2.13,4.26,10.64,2.13,2.13,0,2.13,0,8.51,-1
5.66,15.09,3.77,3.77,3.77,11.32,9.43,0,11.32,1.89,0,5.66,0,1.89,5.66,7.55,3.77,3.77,3.77,1.89,-1
9.28,1.03,3.09,9.28,3.09,3.09,2.06,4.12,17.53,8.25,1.03,3.09,1.03,1.03,10.31,7.22,6.19,4.12,1.03,4.12,-1
6,16,0,2,4,8,4,4,8,4,0,12,6,4,4,6,2,4,2,4,1
12.2,0,2.44,4.88,0,2.44,2.44,7.32,4.88,19.51,0,4.88,0,21.95,7.32,0,2.44,2.44,2.44,2.44,-1
6,16,2,6,4,10,8,0,16,2,0,8,0,2,2,8,4,0,4,2,-1
2.3,13.79,3.45,3.45,4.6,8.05,2.3,3.45,10.34,6.9,2.3,4.6,3.45,3.45,2.3,13.79,2.3,6.9,0,2.3,-1
7.41,9.26,3.7,3.7,5.56,5.56,5.56,7.41,5.56,7.41,3.7,3.7,1.85,1.85,1.85,1.85,1.85,12.96,0,9.26,-1
5.56,0,0,0,11.11,0,0,5.56,44.44,22.22,0,0,5.56,0,0,0,0,0,5.56,0,1
11.43,2.86,2.86,0,2.86,5.71,0,0,28.57,25.71,0,2.86,0,2.86,5.71,2.86,2.86,0,0,2.86,-1
10.84,2.41,8.43,3.61,4.82,8.43,1.2,8.43,6.02,3.61,3.61,6.02,1.2,3.61,8.43,8.43,2.41,6.02,0,2.41,1
11.11,11.11,0,11.11,0,0,0,11.11,11.11,11.11,0,0,0,11.11,22.22,0,0,0,0,0,1
12.5,0,2.78,9.72,4.17,4.17,2.78,5.56,16.67,12.5,1.39,4.17,0,4.17,6.94,5.56,1.39,4.17,0,1.39,1
0,0,7.89,7.89,7.89,7.89,18.42,0,7.89,2.63,0,5.26,2.63,0,10.53,7.89,0,0,0,13.16,1
5.88,15.69,0,3.92,3.92,7.84,3.92,3.92,5.88,3.92,0,11.76,5.88,3.92,5.88,5.88,1.96,3.92,1.96,3.92,1
22.03,5.08,6.78,8.47,1.69,6.78,3.39,3.39,0,10.17,1.69,0,5.08,8.47,8.47,5.08,1.69,0,1.69,0,-1
4.17,16.67,4.17,2.08,2.08,16.67,0,2.08,6.25,4.17,6.25,4.17,0,10.42,8.33,2.08,0,6.25,4.17,0,1
16.67,1.85,1.85,0,3.7,5.56,1.85,9.26,16.67,5.56,1.85,5.56,5.56,0,3.7,7.41,5.56,7.41,0,0,1
0,12.5,6.25,4.17,0,12.5,4.17,6.25,8.33,4.17,4.17,10.42,4.17,6.25,0,2.08,2.08,2.08,0,10.42,1
3.39,13.56,6.78,1.69,1.69,15.25,1.69,1.69,8.47,5.08,1.69,6.78,13.56,0,1.69,3.39,3.39,6.78,0,3.39,1
4.55,1.52,6.06,7.58,1.52,3.03,1.52,13.64,7.58,12.12,4.55,7.58,0,1.52,6.06,3.03,4.55,6.06,1.52,6.06,-1
4.88,1.22,8.54,6.1,6.1,7.32,2.44,8.54,13.41,3.66,4.88,6.1,0,1.22,1.22,12.2,2.44,4.88,1.22,3.66,-1
8.93,3.57,1.79,7.14,3.57,5.36,1.79,3.57,7.14,5.36,3.57,7.14,3.57,3.57,5.36,7.14,7.14,8.93,1.79,3.57,-1
4,0,0,4,0,0,0,0,28,4,8,0,0,0,40,8,0,0,4,0,1
0,0,0,0,0,0,0,7.69,7.69,7.69,0,0,23.08,0,7.69,7.69,0,0,38.46,0,-1
4.55,13.64,2.27,4.55,2.27,13.64,2.27,2.27,6.82,4.55,0,11.36,0,0,6.82,6.82,2.27,6.82,4.55,4.55,1
2.7,0,6.76,14.86,4.05,6.76,0,13.51,5.41,8.11,1.35,10.81,0,2.7,2.7,6.76,5.41,4.05,1.35,2.7,-1
12.5,0,0,0,12.5,0,0,12.5,18.75,6.25,0,0,0,0,12.5,6.25,0,6.25,0,12.5,-1
5.88,15.69,3.92,11.76,1.96,7.84,17.65,0,9.8,1.96,0,0,3.92,0,1.96,1.96,0,5.88,0,9.8,1
6.82,0,2.27,14.77,3.41,7.95,1.14,5.68,7.95,14.77,2.27,6.82,2.27,2.27,1.14,5.68,4.55,4.55,0,5.68,-1
7.69,9.62,0,5.77,0,3.85,1.92,0,17.31,9.62,3.85,5.77,3.85,0,13.46,1.92,3.85,5.77,1.92,3.85,1
12.2,0,0,14.63,0,2.44,0,19.51,21.95,12.2,0,0,0,9.76,2.44,0,2.44,2.44,0,0,-1
0,8.82,5.88,4.41,7.35,13.24,0,4.41,10.29,0,2.94,1.47,8.82,0,7.35,2.94,1.47,13.24,0,7.35,1
7.32,6.1,2.44,3.66,3.66,6.1,3.66,2.44,8.54,10.98,1.22,1.22,4.88,3.66,4.88,8.54,12.2,7.32,0,1.22,1
16.95,0,1.69,5.08,1.69,3.39,0,1.69,18.64,6.78,1.69,8.47,1.69,3.39,3.39,6.78,6.78,8.47,1.69,1.69,1
18.28,8.6,2.15,0,0,10.75,0,6.45,3.23,3.23,0,7.53,4.3,2.15,5.38,15.05,5.38,5.38,0,2.15,-1
5.88,7.84,5.88,5.88,1.96,7.84,5.88,3.92,5.88,7.84,1.96,3.92,5.88,0,5.88,3.92,9.8,1.96,1.96,5.88,-1
3.17,11.11,6.35,3.17,6.35,1.59,3.17,11.11,4.76,9.52,1.59,4.76,1.59,3.17,12.7,1.59,1.59,9.52,0,3.17,-1
3.77,15.09,3.77,3.77,3.77,9.43,5.66,0,15.09,1.89,0,9.43,1.89,3.77,5.66,3.77,3.77,1.89,5.66,1.89,-1
4.3,0,7.53,3.23,6.45,6.45,6.45,5.38,13.98,4.3,2.15,2.15,5.38,2.15,8.6,3.23,7.53,9.68,1.08,0,1
6.94,12.5,5.56,6.94,6.94,5.56,1.39,1.39,8.33,8.33,1.39,2.78,1.39,1.39,6.94,4.17,8.33,6.94,1.39,1.39,-1
8.33,0,0,0,8.33,8.33,0,0,25,0,0,0,0,0,16.67,0,0,0,0,33.33,1
10.53,10.53,0,5.26,5.26,5.26,10.53,0,10.53,5.26,0,5.26,5.26,0,10.53,5.26,0,5.26,0,5.26,1
0,0,0,0,0,0,0,0,20,0,0,0,20,0,60,0,0,0,0,0,-1
10.71,10.71,2.38,5.95,5.95,3.57,1.19,2.38,5.95,3.57,3.57,3.57,3.57,4.76,3.57,8.33,4.76,13.1,1.19,1.19,-1
1.04,4.17,3.12,1.04,10.42,3.12,2.08,8.33,9.38,9.38,5.21,7.29,4.17,4.17,10.42,3.12,4.17,5.21,1.04,3.12,-1
0,0,0,0,0,5.26,5.26,5.26,5.26,0,0,0,31.58,0,21.05,10.53,5.26,5.26,0,5.26,-1
7.69,8.97,3.85,6.41,0,6.41,1.28,8.97,10.26,12.82,1.28,3.85,2.56,3.85,8.97,3.85,2.56,5.13,1.28,0,-1
1.56,7.81,6.25,0,7.81,4.69,3.12,10.94,10.94,9.38,4.69,3.12,9.38,0,4.69,3.12,4.69,4.69,0,3.12,-1
2.9,20.29,7.25,7.25,1.45,8.7,1.45,4.35,7.25,1.45,4.35,5.8,7.25,0,5.8,0,5.8,4.35,0,4.35,1
6.02,7.23,2.41,7.23,9.64,6.02,3.61,3.61,7.23,7.23,1.2,2.41,2.41,1.2,9.64,3.61,6.02,10.84,0,2.41,-1
4.49,6.74,1.12,2.25,4.49,6.74,0,3.37,10.11,6.74,3.37,6.74,3.37,3.37,5.62,8.99,6.74,6.74,1.12,7.87,-1
1.47,10.29,2.94,5.88,4.41,10.29,2.94,7.35,5.88,2.94,1.47,5.88,2.94,4.41,2.94,8.82,8.82,7.35,0,2.94,1
3.12,10.94,6.25,7.81,10.94,1.56,1.56,15.62,1.56,6.25,1.56,4.69,7.81,1.56,4.69,0,4.69,3.12,4.69,1.56,-1
5.88,0,0,0,1.96,1.96,1.96,1.96,23.53,7.84,7.84,5.88,3.92,5.88,13.73,3.92,5.88,1.96,3.92,1.96,1
9.09,0,7.27,7.27,0,10.91,0,7.27,20,7.27,1.82,5.45,1.82,1.82,1.82,1.82,5.45,3.64,3.64,3.64,-1
0,0,0,0,0,0,0,16.67,0,0,0,0,0,0,41.67,0,8.33,25,8.33,0,-1
5.88,15.69,0,1.96,3.92,7.84,3.92,3.92,7.84,3.92,0,9.8,5.88,5.88,7.84,3.92,1.96,3.92,1.96,3.92,1
3.77,15.09,3.77,3.77,3.77,11.32,7.55,0,16.98,1.89,0,7.55,1.89,3.77,1.89,1.89,5.66,1.89,5.66,1.89,-1
8.57,11.43,4.29,5.71,4.29,7.14,2.86,5.71,7.14,7.14,5.71,2.86,2.86,1.43,2.86,5.71,1.43,8.57,2.86,1.43,1
10.29,0,2.94,0,2.94,8.82,2.94,14.71,14.71,4.41,7.35,2.94,4.41,2.94,2.94,7.35,1.47,8.82,0,0,1
6.1,7.32,4.88,7.32,7.32,3.66,4.88,13.41,9.76,6.1,2.44,4.88,4.88,3.66,2.44,9.76,1.22,0,0,0,1
